     0/0         0/0      0.58     0.158     0.633      0.15      1.52        16       4.5      0.867      0.867      0.844      0.867        1.3
     0/0         0/0     0.563     0.153     0.452     0.285      1.45        16      4.34      0.776        0.8      0.781      0.787       1.19
     0/0         0/0     0.599     0.184      0.46     0.253       1.5        16       4.4      0.774        0.8      0.762      0.778       1.12
     0/0         0/0     0.441     0.172     0.469     0.146      1.23        16       4.4      0.682      0.733      0.675      0.706       1.32
     0/0         0/0       0.4     0.177     0.537      0.19       1.3        16      4.35       0.69        0.8      0.734      0.737       1.45
     0/0         0/0     0.624      0.19     0.498     0.507      1.82        16      4.98      0.776      0.833      0.807        0.8       1.45
     0/0         0/0     0.439     0.184     0.468     0.363      1.45        16      12.7      0.926      0.767      0.741      0.829       1.58
     0/0         0/0     0.599     0.159     0.505     0.227      1.49        16      12.5      0.778      0.867      0.796      0.818       1.44
     0/0         0/0     0.428     0.158     0.488     0.343      1.42        16      13.3      0.731        0.8      0.697      0.746       1.31
     0/0         0/0         0         0     0.264         0     0.264         0      4.83        nan        nan        nan        nan      0.205
     0/0         0/0     0.731     0.162     0.525     0.159      1.58        16      14.1      0.614      0.633      0.617       0.62       1.52
     0/0         0/0         0         0     0.372         0     0.372         0      4.49        nan        nan        nan        nan      0.184
     0/0         0/0         0         0     0.254         0     0.254         0      4.77        nan        nan        nan        nan      0.405
     0/0         0/0     0.224   0.00804     0.378      4.11      4.72         4      5.49          0          0          0          0       3.98
     0/0         0/0     0.103    0.0108     0.413      3.74      4.26         4      4.82          0          0          0          0        7.3
